0
0
0
0
0
0
0
0
0
0
0
0
0.34
0
0.24
47
22
0
28
15
-20
0
30
-30
0.6
0
-0.08
138
-13
0
-11
-20
20
0
-23
18
0.420001
0
-0.64
216
13
0
30.9999
24
-26
0
26.9999
-25.9999
-0.0599967
0
-0.47
320
-18
0
-36.0002
-24
24
0
-24.0003
22.0001
0.170005
0
-0.110002
361.999
-1.00006
0
0.999706
-1.00011
-5.72205e-05
0
-0.000389099
0.000162125
0.170007
-0.21
-0.0700055
361.996
-1.00008
0
0.99962
-74.0002
-72.0001
0
-77.0006
-74.9998
0.17001
-0.21
-0.0700089
361.996
-1.00011
0
0.999529
-74.0004
-106
0
-77.0009
-74.9998
